# Known permanently unavailable/non-video Pinterest pins from recent autoruns.
16140595067686
16143648230861
15432611183179
1009580441489562174
17000417157845
16031155349764
16031155350121
17000417157407
16000292783775
1009580578875601126
854206323012894402
962292782788001424
854206323013319357
854206254372172793
17102044239684
723250158816596557
854206254372126194
963207439071810601
16952290755129
867506015661345143
963207439064394803
16364768193342
867505946943503291
963207439071810607
963207439070594864
963207439064394805
16104257661470
16714427725883
1085015803914900114
1085015872633972565
16735430694058
8608807590300540332
5290007185200300630
16714528194868
15447583524289
15447583524676
2844557001599607182
963207439071810571
867506084380725047
17353475668912
17080059977060
15546160070778
16994074647364
991988324112469733
15904417731856
1038783538991119917
1038783470320089665
1038783470320412874
1038783470320362930
16295882058495
3597921135397671201
